2952
2973
7997
7387
7993
2860
3051
6017
2882
3626
363
7443
3947
7023
8818
4599
4635
18
3959
4035
8389
84
4517
4417
8736
3712
6152
6390
2454
6508
1836
5406
9481
9833
2794
7475
2693
5845
9844
1927
5824
207
5723
9771
3582
893
722
8217
7263
4682
8604
5652
4766
9474
6422
9855
3186
8926
2597
5641
5434
4433
7399
4916
4266
6545
8743
3311
8743
8587
1591
4567
8794
7314
690
2377
4559
1412
6946
1823
2446
1903
7475
7213
1377
249
3420
915
5527
6017
6556
962
6802
308
2230
1068
6853
973
731
1948
5912
2322
6515
1058
5988
3557
3435
548
4970
6734
8723
7416
8637
2550
981
6366
2800
753
7281
8327
3122
190
5641
9924
498
7871
7344
3703
5196
4428
5652
1108
3102
8519
2167
9091
2077
1954
5991
3399
5040
1066
7167
29
3616
4501
6395
6416
1606
3677
1096
4729
219
6737
1005
717
961
4702
772
6157
9130
6424
3618
2232
1296
2137
7675
9725
4091
18
3124
9132
1084
6643
9161
4701
7496
1909
7469
9103
5586
8565
184
5805
5303
1189
2874
2616
5891
9998
8773
1373
6423
8743
3606
4071
880
1281
3796
4972
7652
3272
456
8736
9915
5969
3437
3764
7878
907
2867
9816
5824
3051
1973
7479
592
1199
95
2836
1198
5221
4209
3973
3964
4167
8044
4845
1801
8192
6169
9453
1464
6625
8189
7731
8946
7979
1495
3177
5238
714
2993
1062
117
1319
8542
7062
8870
4989
9898
68
210
459
393
4175
4627
4789
5372
6428
2981
1541
5881
797
4518
422
8529
3464
8401
6376
6641
3639
7091
5987
1054
7208
3658
5948
4270
2528
937
520
8949
7500
980
9342
1675
1959
484
3399
4739
3465
4940
620
4263
9458
1042
9144
9274
5796
5520
2268
9435
8963
8255
489
2524
8265
6437
3146
793
3727
19
6094
1227
999
1789
9254
9310
2273
2653
4049
2090
3945
1021
6353
3403
8415
1849
9029
4211
3722
1297
9999
2685
5904
6840
1561
4169
9630
4708
1315
3357
4727
7409
936
2078
5550
190
7740
7823
9195
1789
9914
3140
9162
2619
2895
7577
821
1924
8141
4543
9574
8140
3580
5478
4980
5142
6000
962
9850
7315
4319
929
1076
1607
3007
6627
1797
747
802
992
8888
716
484
8050
9688
3379
1979
509
1656
120
5052
1230
4612
8632
3060
9593
126
9060
6907
9976
6375
1227
905
3804
2834
264
6783
984
7363
7585
8328
2603
4654
8813
7005
4342
8544
8985
1203
200
5457
6255
7782
70
1239
843
6015
1366
9903
2922
7694
2631
4149
4952
2787
3336
1568
9570
672
8932
7155
9000
7887
1809
4165
4893
2503
2710
3878
3706
9262
9335
6313
3397
5757
7553
4240
1772
5271
495
4695
9317
9478
5196
4269
2265
8532
2190
8187
5556
7474
5343
909
5361
3504
5074
254
6008
4136
484
9714
3399
6172
2380
6796
1929
6285
7388
3702
1556
4235
4749
7225
3714
9945
7847
2331
4830
37
519
386
7511
2214
1295
9224
5718
2722
5831
8078
6858
2667
4145
6609
8839
6525
9757
7121
2810
7145
7175
718
1381
1924
7943
1447
1869
2142
3778
6699
2179
649
3438
6042
2863
1085
5267
4934
3807
7450
9364
666
117
9861
7275
8957
6386
7033
2430
5548
530
9605
2618
8263
7881
6914
9710
9750
9056
9841
2802
1236
6842
2592
7278
9706
3677
8897
992
7485
6347
6708
8151
6465
6570
1778
1774
9308
8811
4204
4857
5694
161
7475
3957
8042
4389
20
4144
3446
9861
3298
1034
6703
5890
4664
2761
5920
9914
105
3405
2613
6814
7908
9078
3384
9686
7204
2692
4850
7760
3901
544
4273
7729
853
2315
8470
873
2812
8268
7086
2462
9302
142
4705
319
9255
625
233
9361
4030
2846
2527
8290
8277
5911
7976
1833
4955
9178
9594
8857
9722
3867
6586
6928
2535
5056
7801
1699
3325
1240
4161
8979
1382
8866
9298
6989
9491
9531
6350
9873
8730
5229
4515
3359
1140
2492
5192
6096
8022
1138
4953
7745
1358
7891
1025
3893
2947
8826
1944
2624
6418
2457
1604
4152
1324
902
1142
7167
6786
3844
3393
1868
9074
7908
5227
214
6752
419
2662
4775
1558
3967
8872
2916
1858
9897
3161
1158
5075
1457
3782
1494
3914
1738
5646
1590
2641
3140
5110
5779
6985
8503
3999
6059
2763
9226
2625
9516
5997
1640
643
3907
5607
9515
3175
3818
5764
2688
4976
839
4145
8758
8685
4412
497
684
6002
9490
3824
7464
1621
7161
5967
5620
9572
5083
1198
2198
951
3547
190
1594
7455
5797
7461
6982
9615
9577
9671
943
6768
168
6054
5454
932
6551
2490
3287
2393
6314
751
366
9828
3071
2338
9400
8154
3536
7950
5457
3435
8140
3403
890
290
864
4225
6257
6793
248
7201
3561
6768
3255
5367
7701
6158
7857
988
4903
524
1739
5269
352
4810
7607
6104
9316
7495
4055
4773
930
2195
8176
8173
8837
5392
2398
5095
2185
8998
8648
2099
5766
1903
7466
3467
8061
1676
807
9316
8552
2547
4585
5256
3709
8544
1360
9378
6039
5415
4151
3321
3963
8680
1494
2800
424
244
4247
2610
5594
2895
1061
1361
4798
4879
1180
9211
6555
1988
8527
1459
4535
9464
6715
4596
8008
4428
3974
399
9843
4478
3721
158
9510
1567
2959
9934
8164
7206
8896
3758
102
9957
1471
1252
4837
2652
6816
7744
4640
5343
9204
5527
1160
2271
123
9168
6699
450
9568
2895
1280
9641
3053
790
7560
2364
7076
5724
9571
5973
5835
6025
2282
7306
3629
7119
9958
445
1216
950
2141
420
6477
3301
9043
2953
8821
5743
9755
4741
8638
1035
4382
8043
8177
1943
408
5253
4019
6331
1226
9854
8708
3509
7161
2337
6980
3471
9135
8196
4422
1276
4968
899
929
4012
204
9750
6107
9959
844
1097
7346
5226
9140
5523
3521
5900
777
7541
2231
2003
7395
939
1864
908
9629
8845
4380
5116
3393
8802
2744
8362
6053
3673
8726
6258
9775
1185
2569
619
2282
9916
2198
7774
5439
5719
3675
6216
9612
2258
4572
3360
9550
2788
4268
5531
7985
8648
647
1379
3802
3391
6093
6208
7064
4819
2466
3191
6004
1387
163
4638
1303
2361
8764
6743
4432
8791
9311
4045
1050
235
7405
6952
3024
8025
2483
1009
3026
3130
8740
6828
6521
4833
3036
9937
9652
1854
3128
2008
3242
9643
2998
897
2004
1763
3992
2789
554
9656
6834
7956
9891
591
4908
9267
4968
7391
6629
7994
521
5369
1175
3394
203
4211
9683
6207
2418
2812
8216
2012
8807
1214
2909
812
9329
3254
3601
9884
2910
6787
4192
9153
3730
9101
8421
8698
2844
5050
6693
9718
419
7868
3112
622
8431
2796
6830
7201
1960
1398
9213
767
8964
8475
7931
8294
8081
7884
4530
991
4671
8722
144
8401
4175
8565
3452
7020
9967
145
6738
6739
4365
6202
3713
9148
5350
6895
6350
7310
8293
1915
4430
3610
6742
8713
8256
4823
6598
2786
5814
1269
7860
2311
6023
8388
7228
9475
5408
7196
5972
8498
3935
337
4700
4000
9485
51
896
2187
3713
5541
4103
4495
9151
845
3209
7407
5669
9807
6545
7835
7428
4406
146
9803
9146
7375
9278
4554
923
1602
9404
1210
8291
456
5210
4129
6859
6106
6316
6925
1648
6771
1420
799
7617
981
4559
9638
7140
1104
7473
4569
1862
3972
4372
1008
1347
3
1914
8622
7957
1318
9832
6249
8127
1394
6730
4986
7501
3046
8263
5501
9818
9684
2652
3787
7017
7211
3425
4158
4668
7250
5079
6530
1222
5803
7539
8921
2158
5805
7543
116
3476
3727
2717
1603
5122
9447
2941
8975
2493
1205
4476
8663
889
3480
2450
4258
692
2227
8416
5360
9478
3495
8242
7052
9299
5781
5974
1457
7939
9869
7925
1415
9949
642
3018
5071
89
5959
398
8935
7164
1226
7598
4405
4706
6401
8664
1750
4980
3432
3462
4458
6928
1705
7863
2579
3838
189
388
1777
58
8314
3192
7
8956
6210
1430
5398
8522
8180
4333
2038
9406
8283
2796
465
1036
1460
2215
6017
1244
2030
6827
4524
3735
4690
7103
7573
4879
3844
5703
1290
2158
8895
7649
7466
1458
5432
2864
6332
3612
3549
8370
9371
1833
1166
9836
2869
8978
8403
8886
223
433
2066
1099
4168
6756
4555
8094
7988
8399
3797
9278
6909
9044
6927
4375
6854
8711
3592
3186
2324
7141
7909
8047
5326
9075
7883
8196
4406
6286
3434
981
3072
1852
2080
7240
8609
6635
1686
2949
1386
1835
2227
8295
880
5506
9023
4086
4218
2615
7273
2894
6108
1534
941
7787
609
5176
2335
1367
7814
5769
2348
886
7622
781
8127
2583
7416
6165
5532
8803
8001
4111
3450
5233
5969
2473
9319
6539
1440
2944
5785
3901
4478
3078
1688
1440
8254
4023
9159
6069
6144
1508
6955
118
2289
1434
2701
6057
7600
4585
1212
1953
5048
4663
7186
7370
7136
2857
3909
8577
2154
6047
2478
2984
9125
518
776
7380
4541
9936
9801
685
7796
6756
804
85
4543
9857
2494
2143
795
3707
448
5843
8370
7634
9565
1858
6843
3475
6787
8997
9522
5617
8334
4999
6135
9110
2379
676
9046
2180
7714
6842
5289
8518
3279
9832
4727
2126
8327
5522
5833
8775
7718
4203
2761
7283
2413
9604
7110
9201
4954
2984
4818
3288
7984
954
8750
6715
1630
7797
5248
5696
991
537
566
623
6721
5294
2749
5048
7168
8582
3823
1238
9137
6584
8522
1550
2540
1984
751
7494
1321
1922
7134
9305
2876
5885
2372
858
34
7620
6555
1025
8157
7121
8000
1230
2415
749
6278
5936
5683
101
7174
4820
3037
2048
2723
5578
4033
9826
9424
5354
1748
6559
1011
976
2444
3383
1835
8830
7356
8390
6207
1865
1863
4208
3096
631
4957
9374
6567
6993
5828
3741
8165
8865
2142
888
795
6175
7067
220
7881
5167
6779
5244
6144
5575
4979
7979
4405
2335
2721
612
553
4584
1172
3649
5215
6130
9375
1782
9475
5203
1876
7640
421
4018
4881
1216
6545
1948
7788
778
3467
919
6022
9611
6494
7353
3942
7251
6041
6663
4216
6594
7600
5388
6595
2815
1518
5970
950
7345
7526
9178
4986
7947
3196
9867
5515
6093
8167
3304
6871
1634
4223
9245
7598
7070
2950
1540
4321
8991
4556
8537
1937
2156
3926
8532
1323
1796
4503
2273
9142
2029
1451
480
6328
999
347
1843
7092
4866
1499
315
6500
2075
9560
450
5497
2511
1991
9818
7854
2899
4708
9792
1407
4986
8324
2730
3134
9179
1356
2276
7560
9159
9108
3888
6511
9455
2084
3603
673
9935
3919
3526
2010
9831
3976
7507
8694
2319
3678
6549
5218
8386
6341
6625
9724
1017
5708
2858
197
7064
1487
7757
2575
595
7998
9086
6403
82
9042
7076
17
9313
602
8380
9144
4579
2239
4191
3250
5917
740
4821
655
3433
1446
6731
4450
3506
9590
4647
6922
1077
8757
9498
8024
6755
4936
4427
3189
3978
7856
9558
9643
8458
7938
5140
9389
178
9331
8992
2447
71
3813
9455
3504
1611
6186
4306
5118
5776
5306
2040
3205
4063
7890
1230
7170
9179
2009
359
3157
9865
9917
9153
4676
4208
4293
417
738
3624
9409
3185
47
3222
8992
3551
4834
5179
4209
6304
7307
9515
4696
513
3578
2587
8095
7100
1766
6456
3811
1275
2674
81
6780
7350
4289
1073
4119
1379
4697
9881
916
4744
9455
9909
4647
641
5088
8857
6945
2395
8372
7994
9260
8303
581
7355
1755
8699
3812
5567
6326
6486
5648
3107
188
6289
532
659
4020
5230
540
4936
6326
6348
4845
7326
6989
6285
6183
287
5033
907
8281
4293
5562
5214
8001
3670
265
8165
9237
2943
1003
1237
6050
1191
3878
2935
8202
7898
8165
5095
9186
843
1443
4032
8169
4784
6669
704
5071
1702
1612
9704
5996
3526
4918
349
7196
5183
8514
2785
8127
9517
374
529
7060
604
9816
5262
4854
7981
357
4041
5177
8152
4425
3346
2937
1094
4051
8008
2797
2015
7713
5145
1893
8983
5494
9090
519
360
8227
4998
6229
4954
1879
3289
5558
1696
4903
413
6029
5261
806
1206
3413
5231
4553
6350
6325
4956
711
5474
6971
4776
619
8864
111
2465
4306
630
9177
8886
5628
5406
3840
3860
5047
5750
5556
9951
2515
1585
5212
3321
9144
4977
8552
3697
7680
1230
8653
4743
6704
1976
5871
3676
840
5982
2493
1499
2965
1671
385
4945
7077
4225
8805
2125
6327
4361
8428
8843
2299
3640
2164
1443
4969
7069
1492
9001
8299
6497
3744
5003
8473
9615
8679
5665
1950
1173
3516
4915
9196
3901
9860
2625
4478
8666
1102
806
9379
9530
6001
8030
9522
8165
5825
4492
5234
3669
9845
3533
166
3590
4889
4991
9557
9920
7009
7859
1093
525
2774
6641
779
2635
9267
5257
7653
369
2415
3384
6252
8416
7767
5774
2934
3592
6618
8168
7262
6464
8054
3780
54
2943
8772
5963
2863
5781
3823
309
2658
2949
3302
3437
1936
2569
5047
9589
9291
3814
9326
5543
8583
7093
1317
1517
7037
7936
6037
4299
4400
443
4432
806
9738
9556
3121
2602
1689
3296
9263
4347
6246
8917
4137
8182
1487
9184
4124
7130
9350
9802
2673
7933
6895
342
5802
3932
4630
8192
4584
5382
8635
5368
2540
8374
4924
2014
7328
6613
5310
2943
960
7908
1860
5097
6091
9699
633
6567
6829
9984
6369
5854
4269
9616
2549
72
9900
7179
8264
836
8914
6899
6204
7806
1625
1128
9820
8953
4093
5131
1896
5054
3039
3757
6503
5482
3456
7137
8401
6638
3473
4770
2492
7742
4386
5041
4166
639
8573
2430
1475
3839
5682
4032
1645
7307
5160
1466
2613
9254
6597
4509
660
5988
4618
3515
7823
4427
7004
6224
1065
477
995
9909
4572
1733
4951
8738
8724
9876
7521
200
3715
9555
4232
1712
6862
5744
3178
9475
1350
6127
337
8362
8468
4955
1878
6291
9382
5234
2515
6799
2064
9862
6709
6636
7948
8012
1726
6672
4240
5599
3224
4307
5154
3808
6019
2017
5905
9198
7844
3607
1677
8181
1970
145
9489
200
6436
5223
5434
5304
2023
3850
5166
8732
486
9466
3096
8565
2491
7336
4164
5715
1643
9319
5876
7662
7688
1781
3212
5532
1740
4890
3714
62
5035
3203
262
7824
8426
2049
9480
6801
5899
4646
1885
2738
465
4981
1303
2956
8669
1819
5023
6664
1138
7251
679
8826
9032
3891
4359
7125
5133
4425
7187
6521
3980
3802
697
8758
5851
177
1912
8102
1175
3797
7192
1640
5131
4847
948
3800
6667
2324
6817
7805
9575
7496
2984
4960
7739
3695
2085
2873
4472
9272
5746
8452
3074
6443
3562
5277
2972
5474
9732
4147
5624
6924
2140
755
1772
3088
907
8439
5412
7724
2596
4988
1572
5580
6300
9312
9275
8385
8537
3747
7657
4283
8551
7084
7078
8466
2361
50
292
2093
549
5916
5370
2689
3023
7142
2130
3931
1933
7542
8007
4529
8882
9580
110
1534
8892
5737
9919
7429
5837
3929
8064
740
1013
1494
9206
9726
7896
5851
8172
4797
1767
3542
7487
4791
7036
9617
5074
8969
3511
3081
3498
8746
2661
9960
280
7905
2050
200
1686
4239
481
9750
4979
7846
7596
538
3924
1844
6389
2096
6642
4508
1990
4129
9299
5378
98
4373
4347
3609
3807
4198
8707
6468
510
8988
4374
2560
5540
6060
6799
2373
2163
8131
219
6111
8669
4143
7956
1410
2592
4598
5918
934
5079
1570
6313
1529
2295
7012
1490
6102
7562
198
8923
8073
5538
9649
633
7430
2061
7433
9803
576
5564
22
6688
585
517
996
1995
3109
5594
4265
396
7025
5835
3061
8554
8131
73
44
585
7636
6594
9508
5709
2132
5509
2694
9562
7571
6479
9365
8147
8395
5739
4835
8980
6257
2183
7327
5718
7777
7945
2466
1154
3780
5527
6060
8263
5601
6105
5201
9589
9051
4709
1650
1184
6571
696
746
4142
7176
6464
8641
5571
8555
9829
904
4812
2012
4583
6883
6142
2528
9349
7296
2661
4877
9709
924
6830
2166
6125
2771
1217
7187
4421
2401
110
5117
9500
4252
8645
2316
9245
569
871
9074
7825
2036
1087
8760
8919
7229
1289
4620
877
302
9497
586
7578
2679
2752
56
5450
3970
3595
6223
2723
3705
7693
2223
4309
6338
891
3554
3259
1763
2629
1084
3799
3716
6197
9070
7297
7486
3690
4526
4140
9540
5113
1718
2219
4217
1774
7670
8187
5369
245
7263
9074
7938
5838
3383
629
6730
6938
3888
8493
5919
1325
8644
5987
7522
4066
3284
1360
7756
7810
5500
7296
9275
3570
5868
3493
5345
9890
8032
714
135
5295
6141
4426
1134
5876
5055
7864
2814
5295
2709
5085
2972
7705
1072
6846
1771
4356
8206
5879
8519
58
9528
4146
3629
5396
7639
5326
5286
5672
2392
1773
7319
8533
6199
8453
4410
7606
2669
3576
9254
1730
8662
2226
9435
9734
9073
1206
443
3631
7086
5314
3690
2966
9460
3671
8362
3452
5349
0
5476
7741
8125
2795
6275
677
7601
7037
8283
270
613
3889
8353
5627
6116
7788
1714
5189
5347
2157
5172
8785
3823
5214
1751
3283
8885
113
3087
4234
6465
8563
8328
4590
7711
955
5267
5312
7992
9903
1934
4957
3792
287
585
6260
8076
2299
7801
9775
808
2974
8560
983
8188
311
618
3426
6776
3706
4012
9593
2269
2340
4183
6332
3295
5803
1644
7639
2058
9931
2597
5850
218
9534
8463
4646
8185
6264
4421
5345
9238
9333
6328
3779
5996
6946
7205
9124
652
1217
8717
9274
9910
9253
5606
9557
1408
3603
7197
3466
3534
6146
5668
104
5680
4131
4751
3865
396
5524
5562
5986
4858
1890
9765
7206
8836
6970
6331
5841
4540
5048
1467
802
653
3425
359
2061
3380
7556
5527
6914
3702
1196
7019
5734
1679
8122
5951
2075
3646
1513
4414
4856
3403
4179
2063
8592
7502
8394
785
2042
9794
8604
2844
448
8381
3203
2509
1762
7112
4389
5028
7166
1937
2047
2901
3616
6521
5204
2044
168
6718
6458
5024
6473
637
3439
1417
4491
1833
8554
6533
7980
7158
5729
8428
5540
5285
7289
3654
8749
1678
8682
5915
3615
730
5168
3584
7251
373
5628
3771
3443
8438
5148
9916
5427
8587
1334
9919
6773
9888
6452
4753
3399
8534
3181
5291
3819
6822
8945
2568
4853
7627
4835
8468
8357
4
8404
1961
6729
384
2084
172
8822
7232
88
4250
5820
7774
4169
8945
4015
6973
3698
3766
1859
3231
9057
5678
53
8002
4598
4906
5629
9434
9727
339
5790
8131
8652
2519
4868
736
9043
3690
4321
5483
4292
6493
3258
4813
5438
3625
8139
9136
7391
9998
2367
6448
5677
8772
802
6627
3679
6431
2413
9758
3122
8203
4241
1774
7074
9109
8863
6117
2800
3184
1601
3444
6029
1211
8258
1467
4836
6397
603
8579
6395
9322
1379
8424
8094
2181
5052
8125
4964
7465
4235
8087
2021
8477
6213
9095
3938
1428
1565
3090
964
3166
6535
6993
729
4793
8460
1917
1190
5415
496
3937
4737
1875
2362
9184
4056
3766
3661
5372
7583
7897
9811
9604
6374
6025
5052
312
3805
6617
3403
4770
6135
6290
1763
3216
1083
6576
5133
8625
1991
5629
2562
3081
3856
4924
8617
4264
5042
2278
9636
2626
175
9448
8582
2901
1825
3634
3214
5630
6603
2969
6752
9090
9259
4868
2306
6694
1444
7439
5319
9787
9420
7881
9220
3276
9158
7837
7540
4200
116
3529
6826
291
2977
5409
3193
1154
5395
2759
6784
1999
2080
9889
7441
7691
4757
9748
4385
2553
3539
6056
2340
2960
289
7913
6236
9447
5750
129
0
5866
3658
3178
2510
2987
4939
2055
4141
335
1166
7277
8686
9598
7166
6127
7289
1923
2227
8026
4476
5767
4082
3169
8727
723
1082
1315
171
6832
7796
6523
9051
1454
9701
7913
793
4641
6320
4934
1328
7486
2212
14
7084
9378
2493
4373
1302
4721
8751
2130
6840
9185
5299
1919
9908
2733
9586
6431
5918
7383
2954
4969
5189
2656
9234
5983
3649
5554
7269
4977
3040
9481
1343
6476
5212
3836
7201
2866
4909
5952
4996
8101
5137
6648
20
1397
9381
5959
7829
5299
3342
783
6620
4883
9791
2206
866
9792
7760
8136
4769
7152
3969
6112
3628
9181
6301
829
8399
1210
3133
3396
9312
8270
6396
5684
6020
5777
1643
3849
7429
1337
984
401
6221
7128
2608
7087
6920
368
1575
8042
7521
1897
4154
7501
7430
6807
8331
5830
8018
1464
5578
3682
6087
1974
5718
8459
4103
7362
8660
7884
5051
9644
8286
1272
3124
7246
4712
45
7614
2639
4439
1487
4536
8593
5341
1967
5401
24
4149
9771
7840
6079
9805
279
8053
5523
8738
8508
9237
7398
2745
4289
3395
1031
5561
6519
4629
6625
2916
8595
9265
7355
83
3801
2301
1776
2120
4054
1800
2621
3825
9640
8700
9982
9920
3105
1857
8658
1614
1095
6057
4359
1736
9452
1742
3649
2323
2723
275
5240
1318
9540
2595
7753
9693
4896
9529
8166
8950
1329
787
9127
970
5840
5461
890
8945
7319
9548
6911
4766
1957
7622
6502
7761
5716
6503
85
8439
6778
5325
9758
2670
4272
7511
8716
5521
7041
6882
823
8370
4021
9951
9340
9861
5412
6582
8807
9083
2483
2070
3849
792
9693
351
8554
5409
3207
4991
3849
9985
6668
3607
9008
940
1118
7724
6461
4511
4606
7285
2882
4979
3588
8574
4841
5352
1509
0
4436
3992
2070
8285
4784
1763
4989
9690
3525
8196
4681
7374
4533
7701
981
3541
8642
8451
7617
1455
2963
2223
5092
2197
3555
5032
771
8396
385
8632
4748
1173
2624
3170
5810
3761
1286
7151
9803
4811
1699
837
2185
6233
8538
9518
6126
3532
7969
3744
4988
7284
2319
6432
9481
5874
1465
6605
622
8202
5237
1722
5727
4214
4893
1537
4327
6179
8689
4130
7342
6740
1319
9527
2973
9858
9045
5452
3390
3366
9196
4730
651
7867
1163
6484
3742
8980
3089
716
3534
4679
2439
9261
5245
3684
7150
9572
6215
2191
54
3557
8932
1374
3084
1905
7584
8481
3709
974
1847
2905
2057
8850
7125
9572
1687
867
8552
1128
7935
2086
5807
374
7699
1052
410
4849
6976
6625
7041
7031
182
5973
4757
3266
4230
2341
8099
7940
9667
6299
7197
1724
5149
4322
1296
3188
1541
6200
4317
9477
8286
124
6203
2337
7529
6614
7187
4505
3239
4228
7888
3422
6553
2645
3040
783
4986
7492
5075
1006
3791
2273
2730
5292
2947
379
8481
4489
6579
2798
318
4866
2922
6521
3555
6803
3135
742
1309
2727
1322
5549
2501
7875
8195
1893
5011
9533
9385
86
539
3176
8711
9622
8469
1659
1
3302
2500
6580
6100
2818
7798
5374
9339
1354
2178
8827
2096
9839
7906
9771
5388
407
7646
9935
2300
9009
9469
8038
9096
6360
7566
4159
5982
2387
2170
2335
5689
4670
8916
1789
3840
3066
3516
9532
4420
2046
4711
2869
8237
2617
2640
9977
9376
6638
9913
8028
5648
5734
6066
1096
8446
3633
1607
781
6020
3778
3116
8062
4800
8384
6203
8641
1451
9719
4525
5871
8117
9236
5092
6354
1853
4084
6332
1229
723
6245
9257
2723
8331
1676
3819
6777
5309
1778
7558
7681
5556
675
5743
6709
9059
8299
1702
6862
8018
6227
2734
6136
5463
4178
8842
3668
8263
5174
4897
8986
7771
506
8061
6102
2182
1880
2880
3843
3658
6790
7877
5567
3817
9972
2276
2877
8271
3978
6091
2642
6557
5177
8778
2020
9356
3972
5688
7619
9147
6937
2957
6918
3795
1018
3021
2330
9250
2253
2525
9260
9043
402
1179
2861
375
9807
2090
4998
137
8181
7640
6694
3359
2770
5066
9067
6743
7106
3038
5890
395
5995
9160
4191
3365
2181
2873
8967
786
5398
8227
6182
5801
9407
5395
2528
5566
7485
7526
5704
2018
5167
2398
1729
4289
7465
796
1032
923
3834
6922
1319
6181
2435
5510
5898
4616
8383
4865
1755
3781
3093
7937
5934
8852
3332
4814
4418
7169
2341
6474
5539
3860
8873
7269
8149
2690
4417
9182
3613
4604
2456
4932
785
4891
6794
6684
5860
1529
7901
3967
1663
994
1904
7597
6198
1588
2412
6969
8757
1105
3443
4296
4965
2316
7917
9466
1358
2335
8648
4972
3291
7457
6256
428
8700
9403
3464
912
932
1366
4879
2595
2360
6783
6545
4911
4723
8957
1880
9832
6414
5323
4129
7731
7640
8398
7197
5350
7085
2198
6674
376
9655
2931
805
8355
2334
4269
9268
9618
5635
499
2214
4348
7283
8759
9259
8358
4068
1139
8191
482
6462
8672
8213
454
7070
1762
2157
4156
3960
8831
4532
3615
8114
1689
8323
6800
5959
3943
6419
7946
4442
8633
2294
8077
3744
7905
6436
4164
9044
4627
998
1859
9651
5563
8665
6721
7325
822
7229
1286
6006
8114
4901
4120
9803
9576
921
5762
3519
7340
3709
4314
2325
2355
2391
2421
261
5179
6585
5657
6158
7583
3868
5809
3146
8886
8883
471
6060
6112
1757
2066
4226
3011
6187
4030
2587
3460
6144
2459
800
6205
6773
9477
8561
5516
1898
5174
696
4835
7183
6854
8770
7404
2664
1916
6290
1547
8739
8702
7659
6849
769
1886
6212
3308
2268
5151
6768
8412
7610
3920
4618
735
9749
9531
6252
1647
1057
6948
2834
4592
3802
1604
1996
2818
9872
4638
4365
4963
3341
2025
1812
4110
263
4376
7418
8883
9528
538
3647
3490
4458
4617
578
4207
500
6830
2206
1557
130
1392
6150
3932
2996
8146
6751
9220
2785
7468
4183
6126
5845
2348
6588
2460
6724
358
1343
2604
896
1343
6095
1706
5960
6673
2265
6461
9855
823
8018
9985
2215
520
269
1563
5019
3372
783
4156
841
1318
6634
6686
18
3222
5499
6743
3580
6842
9347
828
8185
1794
2534
498
4819
1151
6959
4674
1974
1329
1011
4189
1850
1281
2104
3221
4653
9239
7377
1846
557
4011
4885
576
3585
384
3671
7165
3578
9370
4345
8116
1165
6879
8614
2336
4382
1925
7011
6356
3254
8022
545
1456
5655
9001
1029
309
8240
8406
8507
5149
8769
3392
5725
2354
128
5748
9519
3707
5119
216
8175
2636
3447
6789
4972
7829
8714
8335
4185
8320
6358
1082
6129
8365
83
7158
8674
8323
5565
3534
3473
4334
3278
5550
3041
3407
7651
8912
7114
9122
9129
1641
1758
2576
8430
3082
406
3496
7770
4591
8168
480
2026
4297
8845
2109
7808
3872
6785
9725
7406
6610
411
684
8512
3452
4091
6163
2365
7557
5285
1494
9198
3395
4070
3980
2830
828
3828
600
5420
1997
1080
3798
2646
9925
5907
454
3797
9044
179
1203
5654
591
8240
4167
395
2331
6682
2760
6241
8320
4254
1791
1715
4677
5772
897
5505
9600
1497
7277
7949
2577
1075
596
2503
3335
7402
2652
2379
7582
3856
4386
4525
8448
4905
1272
779
1587
4033
3372
9907
4639
5164
7975
5668
936
8872
7526
6888
6722
1155
4838
9299
8583
1786
8154
1918
9188
807
649
3122
1015
5035
3999
9463
9940
5272
6594
7880
9305
9967
7787
296
1483
2114
5965
8771
7339
9843
5659
4061
998
6849
3360
9581
8635
7867
7851
4176
5026
8501
7298
6041
3536
1298
1856
9829
6570
4802
7709
2227
1121
1848
8875
2604
315
4840
1375
7654
1035
3387
8067
2034
236
7779
1615
5224
5646
5819
9400
672
4320
3050
3065
4208
4348
4921
389
7270
6076
8098
9497
7197
6299
4725
9802
6614
9565
7529
620
601
916
8687
8987
7505
6466
6954
9081
2113
2773
4833
9137
7093
7883
2203
7654
8584
3476
8043
5854
9552
2494
1704
3102
8793
6429
2904
1759
2346
6785
2379
9299
4054
1066
8286
7911
3884
5241
6992
2349
4366
8177
1487
7812
6060
42
5466
996
9870
3509
6851
5775
6003
4907
8877
1148
1336
8133
2907
34
4918
1638
9334
8972
9056
3972
3235
2941
5565
6579
1642
9932
4756
9481
7744
7169
9523
9562
8165
5746
3071
1368
1521
5427
6275
398
2927
3963
8531
2187
3998
9801
3825
9684
5126
2882
8
8361
2175
5574
4941
3817
1858
6049
3299
9602
3218
9174
9164
7736
4920
8587
9104
6441
366
1732
3191
9646
2047
8074
1833
6045
7876
5658
2081
9354
4892
2090
4067
7067
4016
5360
7237
5874
1410
536
1828
980
6062
7344
8716
983
5931
4173
3776
2650
2257
6968
2296
4304
5042
481
6702
9270
2491
8783
4976
7384
7225
9044
803
1241
4404
8040
3467
2166
4928
5295
3147
991
2639
8215
8326
4923
8740
2102
3925
997
5422
2573
5302
6817
3054
2004
6087
5545
7139
1064
9281
717
6460
85
8310
864
4477
1778
3031
5758
7073
2530
3101
6065
745
7779
7340
5838
9881
1265
6835
5304
3838
8489
8473
3244
6845
4560
5141
337
1976
4423
1054
8436
860
9364
5653
1689
1142
8684
3799
4568
1214
6900
633
8311
4679
4325
501
913
5590
7337
2569
5780
2178
1042
5376
9024
1954
517
9361
3931
1292
415
8719
8504
6131
4372
194
7274
9408
3993
8194
6974
7246
5179
5286
1925
9504
5787
9190
5094
9476
1759
7226
1655
2801
2602
7031
4756
3119
2744
5039
764
9511
3758
9268
5642
8131
5814
9268
7539
6160
7462
4514
3406
2641
6152
1683
2145
8291
874
3591
4120
8985
817
2127
1787
3419
9158
2895
2891
8254
7934
3655
7765
1692
9275
3407
6175
5090
2676
67
1250
138
933
1008
9132
3437
2691
1277
1728
9917
1221
5848
8903
2038
4327
7042
1810
3485
9937
1053
1739
4223
4708
5856
2267
335
9264
8443
5425
1940
4862
3027
8430
5795
4035
7562
9232
3079
5192
7312
9348
6413
9513
8251
4803
3840
5293
2965
3678
1582
4018
1769
5805
5078
7626
8073
5414
6890
6516
7191
5182
7730
219
3612
3525
606
7527
9109
3685
2719
6421
3034
5484
5934
7637
287
6127
2931
3253
9805
865
7271
1574
6671
8702
9200
4744
4116
2442
7612
1307
7624
5342
1526
7589
5219
8485
5116
680
2170
4187
7101
1556
9671
9388
9194
6310
5515
8477
9563
1672
5694
3187
3246
2365
1889
8799
3461
2357
7593
1073
3664
1570
2767
1543
9159
4338
28
627
5018
8550
1166
8472
6459
837
7860
2005
7147
9727
6834
3063
1399
2528
2602
997
4894
843
9796
8355
3200
3742
5781
3216
5312
4900
1111
823
9239
7491
7802
4257
6042
8968
9081
8853
6157
6941
858
9656
3020
7692
2719
4419
6572
5321
1769
1466
6164
7917
6174
5716
1659
8307
8933
6971
3207
44
7794
8798
7536
5596
9408
9930
4564
8489
5135
7073
5431
5993
6730
4803
37
5801
9223
6609
1123
7344
4428
3639
5261
6954
5708
6921
5261
4641
3892
4820
1037
8039
3619
4925
3635
9379
1207
4552
7868
6342
1625
9651
8687
4707
4455
5076
509
30
8038
7984
7374
2466
7975
2635
5772
3683
9556
7385
4676
9801
2205
5714
7840
2176
6991
7827
1555
8199
2379
5776
893
357
5427
9581
1416
9882
1009
1925
9912
9047
9909
7286
7865
7885
6274
3637
1568
5830
1022
6245
5631
9580
8311
9823
8108
1654
7651
6016
6205
6382
1792
7099
3091
7219
3032
4508
7102
4041
6433
3366
3089
6343
7005
954
580
3279
944
2148
5461
8318
4745
7445
7898
9408
7268
2359
7415
1271
8375
3620
7654
167
719
745
3738
103
5253
7192
4145
8039
559
3586
4382
3916
4540
1314
3547
1836
9814
9008
155
4560
2805
4405
320
6426
6764
4087
7697
5139
7708
1703
1658
4779
8801
5397
4883
4054
2589
5380
2093
9500
8966
2827
3416
9858
4141
6963
1695
3956
2324
1850
4868
1481
6255
1540
7907
9372
5628
1957
4511
9688
12
2522
4467
8813
7919
5702
9220
6860
1082
1313
6361
48
493
6129
6259
986
3093
7954
4942
1769
6156
6162
9602
8763
4055
3862
8135
9683
2171
8999
9371
2183
1521
190
997
5792
5893
217
2652
6975
7882
5365
3376
8375
1495
5987
5714
940
3941
7008
9061
6449
3171
8663
1564
7226
2525
9700
3261
1048
5051
8984
3232
2924
5526
4229
8716
1419
798
7720
4747
8680
3086
4475
3408
4581
462
9122
1873
755
6130
934
3556
5653
9597
5120
9231
8475
4820
8844
9523
6223
7828
9107
9147
9707
3336
4215
1126
4134
1936
2225
9167
1374
3052
2575
2307
3514
1697
4180
621
4179
5114
4177
9833
1063
5650
9064
5890
470
7909
1766
3046
2089
873
2193
1796
562
6409
9275
1048
4697
7852
215
6071
905
2790
8378
771
839
2558
1393
5019
4024
1922
1204
5087
7572
268
7330
4395
4529
9096
7441
6619
6321
5986
4767
6883
8747
4042
7932
3444
1895
4499
9515
9152
3642
4245
9923
4481
3155
7668
5852
7179
5943
3408
8619
3515
3677
2301
4262
8206
1397
8055
1177
4070
394
5945
954
9141
9987
5238
2586
8234
9737
8453
7386
3379
9051
3662
4213
2206
1330
6417
5738
7273
9826
709
7141
9855
9362
7755
4413
759
2163
5591
1181
2557
1536
2135
1698
7875
7373
636
2462
3463
5442
6200
3194
4493
9862
7407
3051
1193
177
5141
4818
6355
2202
8311
6210
1564
2419
623
8675
4582
2566
9857
7139
454
1992
5189
4682
5718
5826
7144
5533
7620
3344
8727
8465
3207
6135
7868
752
2664
3010
1922
9019
1564
6586
1581
3129
9005
2204
8156
3587
1123
8013
7078
1577
6358
2267
6259
8428
4445
3403
3961
2065
3100
2688
530
2659
5175
8399
9763
7839
7761
1685
3210
9325
4623
4791
8806
3628
3348
6963
3567
4471
4976
645
6048
7686
2913
2308
6114
3710
2063
6427
5776
1515
9116
2658
4174
643
7409
3937
4835
5170
1975
8045
848
2950
9189
9654
6579
2537
2969
6498
7008
4298
7144
9408
1984
6409
8068
4451
6471
6484
878
2247
7999
6346
1258
2174
6990
8667
2463
1825
3838
790
6222
1038
3741
5411
7044
6672
4300
14
3170
7660
4312
6666
7069
6296
9427
1489
7099
5899
7973
7978
4498
5973
676
5756
4499
7666
4424
3314
5843
4614
4105
8418
5652
4198
3829
2696
870
4482
2710
392
2142
7022
3411
5563
9671
2838
7053
3122
5089
1378
1100
9588
7351
8129
5344
8202
5795
9768
1517
7991
4382
1974
6409
6386
6172
6590
9083
3394
1072
8145
138
9567
1520
3549
1482
7543
6388
4887
665
1477
6266
8118
1065
3617
6247
2762
1820
8394
2530
9689
6385
3265
1663
2794
6003
4187
9385
5086
3933
6809
9584
4071
6376
1104
7621
7859
8647
4009
2746
5664
1838
9012
3782
9256
8982
29
2018
7154
8424
900
3195
4809
517
4858
3956
6521
5397
3341
1607
9330
6502
7543
9753
2879
8647
7374
7090
3646
7735
6188
9311
9574
5201
9445
5182
535
9475
7200
4041
4251
4452
7236
5412
4970
8446
9368
1491
3843
9061
9450
9525
5564
6994
9278
4795
1993
6653
1885
5640
740
8073
1303
6666
9626
748
1848
6513
6575
5400
554
7178
9853
7790
2591
4823
6236
8311
6314
6431
3725
5764
5956
5641
9110
5235
436
1104
8240
8673
3096
8980
3098
4399
5647
9077
1499
3847
5590
4427
9248
6145
1605
9101
287
548
3924
6524
8860
6590
2955
8937
8706
5264
4578
7817
499
1366
8921
5091
6391
8369
423
9489
9120
2422
4918
619
6270
509
1398
1870
3006
3004
971
3293
3552
1247
9817
8764
7837
9125
4053
2895
4389
4983
712
1240
2701
5985
6331
9092
4354
3106
4934
3474
5529
9852
446
8151
6713
1844
21
9719
1200
7344
9365
1105
8591
5534
6221
2780
4659
275
5675
5400
1610
2740
6640
4312
8725
9323
9756
9432
2430
4690
2906
4311
895
9704
8814
3960
7901
5187
32
9101
2531
9397
206
7474
4931
6428
6606
5943
3055
8633
1343
4665
1373
7984
8977
6451
3659
8734
5883
2441
9776
5141
6752
7023
4846
1918
984
2747
7105
1016
8200
5988
413
8407
9814
1696
1187
6420
7639
4242
5054
8983
8907
2779
3319
4237
9230
6978
9323
5113
9420
9099
255
2524
6123
1453
4443
3459
552
7900
4475
8752
3889
1240
7159
3703
9288
8346
6476
6928
8940
1530
2263
4200
661
5582
8437
9892
8912
7760
5005
8332
3211
1612
7209
5686
9417
8004
9145
9969
5904
9972
8722
6145
7564
5881
6201
6853
580
2677
133
5872
559
2396
72
1220
4330
4861
7464
9594
8973
8822
7927
2185
434
1488
4223
9852
9492
3369
9821
5396
9693
4895
1542
7258
777
4095
463
7709
6772
596
3581
3683
9344
6
4903
26
4867
2368
9620
3841
1190
3899
2378
7976
5387
6601
4180
4879
6322
354
6628
6016
5249
4522
9626
2378
8617
6441
87
1741
7037
21
5424
2733
27
6679
2759
1246
5399
8731
1439
2941
2631
3817
7270
4370
6771
1450
5602
9445
8156
2230
1813
3406
3104
1439
2136
8073
4232
2224
9814
1269
8597
1590
354
4976
8269
9465
6222
21
8197
7662
2962
7180
7831
6584
7902
954
4387
3504
400
2543
2086
2213
2301
5190
5
4438
3263
4237
3014
9429
1859
1611
1019
8565
2939
5641
8031
9161
5662
2580
3175
4976
6112
7359
1561
4014
8313
5948
3871
8713
4843
5957
7279
7145
7500
3636
1583
763
7873
4597
193
6084
2560
7564
4650
5499
3205
9033
1012
5219
7965
4188
196
4077
1547
8109
4443
9860
4057
8314
4926
8900
624
8557
2397
8124
2193
3980
5239
6418
4929
1784
2503
7489
9349
3505
9340
8906
8890
353
4126
6855
893
4322
7284
8792
2431
8079
5004
2840
6394
9930
8092
3370
8487
490
1494
7032
4470
6733
3451
5752
4870
2306
3241
4219
5811
8934
3125
4701
5639
7251
7908
6532
7925
1544
5324
356
9623
328
9548
2369
6611
7641
5739
5098
8131
3585
8483
8953
319
1934
4705
5189
4240
4299
5760
6403
3233
5237
1104
8872
2489
5364
1756
6766
6908
7080
7123
6531
3760
3023
5253
371
664
992
1822
5147
4578
305
4101
1249
2239
5158
2790
6479
9457
8550
9234
9042
139
338
4266
2628
2054
6022
5747
5314
9454
2870
8197
3215
2245
3450
9938
2910
4443
1760
8057
5373
2065
8510
2974
656
3669
5764
7135
9478
666
6369
8521
805
3059
9139
9786
1465
1514
5533
6779
7320
4755
4977
535
7000
4779
474
6262
9222
8586
4320
947
652
9182
3921
1308
2851
6037
4796
2330
6703
7517
7203
3861
6929
2694
9999
8394
4208
5532
1526
1529
6639
2855
8416
9991
7634
5242
6254
3209
3829
6926
4156
833
2460
4430
8493
5312
467
3289
3994
3523
7159
7549
7384
4088
243
3735
8834
4452
5619
6712
2333
2258
9567
7101
8601
3554
8696
1207
6763
8877
4485
7271
6062
6946
8053
4555
2258
8521
7845
2604
8396
1356
153
2132
5444
396
5867
630
1200
1486
7343
9885
96
3262
3339
5049
3168
2035
6257
9931
7264
7094
3555
3326
4040
1608
7881
2650
6481
2078
5254
1229
3434
5407
3361
8878
2156
5580
5861
3356
3418
9556
9594
9866
9170
2933
4916
2339
4968
7525
8622
8584
4619
2177
1910
8660
138
9791
7662
2971
1870
2917
553
5304
4676
3914
535
3184
5847
2748
2893
9265
2304
2487
5484
7826
5420
400
165
6740
7925
8788
5324
8896
7317
3586
3908
3807
3377
1571
3131
1599
840
3684
3256
5516
3950
143
5053
9797
2891
7946
5415
1547
433
899
9373
2205
7651
5891
8945
1928
4679
621
824
8348
4207
1085
2156
3936
2656
5287
5536
3496
8971
5144
5364
9273
5287
417
9071
4530
8363
838
6077
5148
8089
1802
7353
5740
7693
6298
4020
8724
3271
1196
3425
7478
2281
5581
7767
4937
7220
3303
4785
2543
8447
6502
1816
86
3271
7239
4616
7987
4429
7045
3135
2518
5199
489
4610
9245
3139
8630
4321
6411
9827
7746
241
2108
9679
8008
3398
6899
7663
4535
5794
2462
1037
3963
2548
4309
7554
3516
8648
1984
561
1783
4502
2113
2272
9113
1358
1764
7743
5679
4527
3922
3426
4768
2383
9457
9129
5781
2709
3144
6668
8503
5607
4058
8818
4507
8367
6373
8024
3367
8357
4937
5150
2859
7050
3775
8324
4760
5539
2420
440
66
6342
218
1186
5077
9675
315
7210
2384
3460
3879
7240
5419
7937
2410
9926
2656
8783
7950
6023
3492
9240
1173
2704
6290
1300
1028
1051
6839
9800
7843
3257
6143
4413
4444
7572
4088
1111
4783
2825
923
8662
6417
2694
6599
8827
2621
5607
3963
6923
1630
7455
6163
9155
159
8806
456
7540
6209
3647
7340
4052
6905
3483
8465
7701
7408
8905
5164
2191
8082
6088
853
851
8782
3804
6031
7755
5763
9994
4679
7393
7449
7194
2900
3961
6000
9708
1501
2209
3356
8841
2613
6613
8677
7430
4314
6085
6336
9478
8276
770
1918
5481
1622
7053
9285
7653
1160
1400
3999
2191
5145
1448
9386
8045
1761
1738
7754
3262
300
7462
2104
9265
4075
7133
6696
8389
3218
9384
4219
1494
154
2490
3327
8128
9543
8964
5781
703
364
6132
2895
5509
3933
8633
3554
5694
371
7660
8957
7023
5122
7413
6289
9197
4546
2985
3938
7764
8721
4510
5610
8875
7000
8937
3356
2895
7901
5489
3598
8265
1622
2845
3774
5555
7830
3680
1249
4554
1341
6558
1577
2815
3971
4218
8365
8517
3555
8655
2633
2276
3165
8243
7504
6517
3532
860
9412
7785
6349
9363
6050
7971
2208
6176
3526
39
6209
1128
4593
7550
7686
2522
6717
1658
6741
5082
6527
296
90
9161
8925
9607
3756
6429
6125
3641
7289
5537
1426
9990
4900
3829
7962
3461
5
7840
9852
6214
8968
797
116
6655
3319
3186
4665
6412
4620
1192
6709
4710
6705
1986
4318
6814
8415
443
455
2056
2332
8233
2046
3585
2062
8
3398
8420
4201
3250
986
3169
4047
7455
6176
3718
641
841
131
5261
8386
3192
9972
5091
5178
642
1905
9945
7437
8712
2001
9769
6946
4047
9706
5360
408
3104
3780
4609
6354
1119
7778
6753
8574
307
6824
9215
1148
3307
4476
9534
6499
800
978
8029
7794
9235
7974
5231
7948
6327
1353
1246
374
1059
2958
782
4164
6739
5391
6870
4210
9522
9976
2784
6181
6800
1999
3681
107
2827
3216
2958
9980
546
7339
7774
9781
1665
9358
4081
7992
7063
1679
8366
8122
4638
5501
8638
7729
7244
1861
1939
3118
1837
1075
9299
4989
3074
2981
1448
2253
2549
758
8585
3095
8097
6360
9228
9762
2070
9662
7754
9133
1341
2472
3607
2331
7973
2246
6412
5218
459
4703
8336
8648
5778
3988
9989
5204
6969
1437
7458
5870
2195
6043
5317
6644
8755
4545
6406
825
559
4160
6310
1901
6632
9918
584
958
8516
3349
2528
8975
8052
864
3975
3831
1204
3964
9035
4525
5401
2845
395
3948
8889
5712
592
3996
258
6998
1174
817
7510
7484
9070
494
3754
6007
1452
2270
9356
3980
7597
3760
1197
1572
7591
8753
5536
2979
3279
7289
2176
3674
1237
7417
9387
8181
1414
5997
5179
2588
3166
9041
6424
8589
5888
179
948
3692
8801
6656
4025
6399
416
5222
4323
4360
327
9860
3691
3606
7149
5867
7281
4739
3285
3020
2920
4699
9017
4452
3639
8535
3493
63
7124
5733
6594
4424
9426
5396
1080
3451
1795
1497
5025
2470
5857
5352
2330
9548
8959
5832
1767
2592
6923
5052
5612
9843
6103
4629
647
9742
9516
493
9806
2993
6226
2752
7417
5652
8148
8498
9103
6295
9995
480
8766
2204
5833
7448
8104
1144
3280
9871
3736
203
4924
9348
6399
1027
329
7046
7122
9845
7539
3280
2838
118
6032
6608
5770
4181
5106
1226
6828
1453
1706
1946
9
7539
9395
8113
8683
9027
4336
8771
5583
9260
8119
1982
6640
8448
5380
114
4646
9272
3394
3836
9390
9426
444
5160
9959
5550
2738
3140
3355
4445
5086
3364
8336
4481
7829
3372
9861
2166
2143
5444
7778
263
7426
770
5063
9158
884
9709
8430
4278
3546
7820
57
342
9333
6368
2245
2071
9508
5600
2868
4595
5317
1205
5428
3146
929
5289
5312
3072
733
3091
9687
4511
3861
4751
3670
1098
812
8452
5376
710
6273
1785
1053
1958
8154
3298
4029
4014
5250
6898
4961
567
4455
390
3714
5384
2031
5378
4808
9117
8469
4496
9980
8683
5599
2
9781
6411
8455
1509
3474
4728
3295
4527
6686
7801
4177
7067
1815
9427
317
6777
6347
1124
3519
61
6508
5550
1791
7669
1019
261
2165
1000
5296
4116
1002
5077
527
9457
2938
353
537
6233
1232
7223
4034
5409
643
2202
1189
960
8979
3888
2085
2498
301
4945
8048
2092
2614
5420
2353
1131
6420
4001
5247
3774
5430
2127
3232
8369
2480
121
954
3713
3697
1341
5474
4340
3543
3015
1652
2522
6903
3737
5020
7204
5035
9420
9297
4001
1192
8002
5133
7612
2004
6732
7739
7434
5211
971
2155
4044
1092
3110
7757
1141
4451
9583
5481
7994
2599
7134
6868
5854
7223
1888
3059
8610
7660
8708
2612
8853
3062
4097
2817
5066
7181
556
8853
2393
7879
1008
6437
5324
4118
546
6465
4921
129
8299
2915
9080
5433
6135
1287
9008
8023
698
7619
2036
9406
6583
7241
2468
680
6410
3887
7861
6967
9092
6606
1198
6452
3043
6522
6923
3589
9340
1844
71
7639
1112
5503
9424
7247
6790
8432
1623
3840
2403
3659
9598
8986
7252
8419
9666
3662
2306
3880
6981
7750
486
4532
4202
9882
7406
1125
3471
6746
2970
9894
737
4082
1750
161
1329
4892
4946
9304
8733
7349
9315
8331
6336
6567
6750
2354
6582
5408
2586
9915
3158
3073
4447
3713
2955
1854
4838
2778
4952
4160
9025
5690
4594
775
2203
2276
5667
7149
1580
4400
4499
896
9084
835
3815
2186
9541
397
7595
2128
313
7105
1553
1112
818
860
9318
2009
3638
4271
6169
9015
6313
764
9790
8516
9392
1810
5666
972
2562
165
1868
1646
7352
2036
3833
6893
2433
7780
5373
9098
4885
6926
211
2056
7786
9529
4065
7777
152
234
6792
6465
7350
2935
4982
3094
4745
648
4067
7307
7165
2287
5306
4517
4323
9139
7762
3109
6919
3136
2207
8156
62
8770
212
4201
4652
4277
1978
4804
864
5122
7622
4566
8057
2604
7661
2802
9604
8080
6462
3121
367
1768
7638
1043
7259
5400
4152
530
4888
2711
8686
4951
1482
5251
5504
2486
5880
7482
7290
3096
8956
1264
7663
7014
3868
1676
6168
9824
9756
8982
2945
6475
750
6935
3870
4361
8688
4374
1243
3576
7086
9930
4879
4920
1533
383
7406
7413
4217
1048
510
3174
2313
4525
6540
2533
2553
2708
2358
8661
8043
1655
1488
8793
8591
5359
9507
3631
9733
750
7207
3171
7032
8439
8091
8565
5174
1849
2331
9392
2898
9193
8918
1563
70
5458
4096
8975
4518
2806
7636
2561
814
9124
7707
9405
835
3566
9388
6921
4316
6595
92
7701
1386
4536
6266
6561
6385
4949
2305
5635
494
1223
7198
6916
3033
1295
5891
7551
453
3527
6465
1267
9004
4172
7024
6191
7738
6412
3112
8406
9360
9557
6107
746
4093
8726
3659
6830
27
5964
2466
522
3539
9664
7438
2924
7311
3330
476
7765
3209
3293
5384
8565
3817
2409
4757
7907
5173
7869
6313
4533
3778
8773
1632
7871
7499
5291
4702
7526
7608
3520
4400
7499
3184
8191
424
6848
7873
7252
965
1082
545
6349
9648
4362
5110
757
8621
284
4978
4934
4817
8757
59
6449
6628
7558
8093
7682
1437
2053
1202
2189
9552
739
6732
9976
7587
4605
3580
8552
2040
4125
1253
8040
4839
6364
8797
9812
6648
3775
4747
1465
2532
1158
4267
5513
5069
8712
3195
2858
765
750
5047
6669
1489
1780
2998
5428
2737
6578
3980
4777
7056
1585
2817
8247
7949
7966
8060
4597
1742
9159
2415
626
317
3034
6139
5386
1746
5687
8244
8863
6437
9644
5532
4278
7776
8530
9706
513
5109
38
1643
8517
1623
812
6764
9573
8779
4824
522
6873
3983
9289
7499
653
2323
3639
6039
421
9326
636
9284
2115
6632
4817
6393
4408
9699
6099
1273
1160
6137
2916
9677
4112
81
6442
3685
8860
7618
560
5733
7954
9849
3232
8607
2173
3223
998
8946
8901
7986
8231
1016
4618
9400
7409
5378
9099
9860
6652
260
5997
5920
9937
110
6001
2731
147
1213
350
7059
6946
4656
6909
6531
9615
5434
9754
613
4380
5008
4952
8963
6024
5922
8363
9786
1301
7463
9646
4305
7723
1996
225
4012
2106
2579
6744
8605
3792
3446
5665
7091
8102
8926
9974
7717
712
6080
4682
1444
1088
5986
408
7113
1909
8771
6899
3210
6234
6545
7515
309
8541
4092
4322
6999
3023
7418
1957
3168
7216
3974
259
5318
9252
233
9387
9964
2665
421
1408
3754
6408
1816
7219
8317
6940
4118
7879
9526
7015
5394
6188
1909
5838
6862
5260
8862
4280
3569
8382
1496
3895
8641
3166
3147
5226
8905
9463
7891
9326
872
7997
5734
9040
5216
403
2332
5686
8282
1859
2702
3676
8047
963
5867
4909
2575
1081
5541
6145
9463
3389
40
4456
2907
9540
6034
1812
9003
277
1138
6227
8275
3225
5268
3491
3628
7600
9178
1911
5811
8232
1939
210
5547
4158
1471
8122
5239
7012
4267
1054
6753
660
5510
9660
200
1544
1472
5555
1822
2611
1783
6449
2188
7051
6292
5816
1003
5470
4079
3167
54
6019
3377
5601
177
4849
76
1769
8213
4343
2823
1319
1355
8334
979
7907
6230
2452
3463
4404
1415
5246
853
3603
8649
3498
5771
6004
8968
9851
5523
5375
2222
8901
7328
8751
102
7404
520
4667
8100
3344
5986
9455
8030
3318
3715
612
5770
7178
5017
3537
8776
2222
3492
3777
5720
5615
6133
1041
5466
1657
2768
4040
6910
96
2792
7012
3853
3312
8031
1953
3008
370
7760
7390
3688
1475
8003
5810
5005
9372
5699
133
7946
9191
3910
19
1158
44
1060
2977
8053
180
7017
4963
276
9809
1975
481
9474
6358
2434
8834
6728
6547
6225
416
8022
4228
6226
9380
9952
1925
5865
7898
7468
9776
7917
8627
6172
5329
1604
4225
5509
4973
9188
2138
4783
7515
2619
609
225
1406
9443
6954
7953
5668
3722
5975
6248
6301
1707
6200
8226
7573
451
2047
3701
8368
7026
6225
3698
4982
6802
9207
9955
2342
7697
1090
6209
317
8051
6434
1723
7495
3388
9676
9515
3463
2003
5764
9764
63
8316
4342
3988
8767
6389
7689
3488
9767
266
7186
4749
7068
2745
1057
9410
6795
2147
5619
7112
199
2053
5187
4046
1794
1215
3561
5257
9570
5677
1373
9633
346
5715
9973
5465
8457
7662
8953
8224
7928
2491
9326
1348
5237
383
758
2032
8882
2729
5496
9081
1135
7035
9479
9281
8250
3041
890
4172
5070
2263
158
5416
7978
131
882
2787
7794
6187
1012
2074
8679
338
9775
268
7073
6885
8652
5955
9615
500
1389
750
7535
868
6383
2137
3909
7273
6309
5332
9536
6467
7100
3866
6599
7982
6654
745
522
4018
9171
9201
708
8946
9469
7781
5832
8121
3736
1799
8621
5125
8901
2508
5994
5284
4645
6255
2557
7306
1587
8445
3774
8688
8663
6725
3022
5317
3822
3544
5687
9345
9097
6395
4644
4918
4176
476
3039
4265
8627
8012
9390
7528
6872
1736
9164
1517
4344
8073
5176
2283
6518
5302
971
1533
2027
346
6851
2201
242
2538
1546
9340
5286
6190
610
9462
3018
3650
79
7997
8014
9470
5525
4887
7558
1041
2756
1902
9114
7932
4186
1984
3234
1509
3518
1613
8207
6721
166
8450
9259
8065
4142
897
4255
4752
360
3626
4754
439
1623
9121
6261
3501
360
172
894
9468
2074
9
7401
2612
1993
6987
4122
5511
4953
2329
2232
5119
7131
7844
3184
7625
8741
3792
8730
5453
3770
3484
2245
1745
8957
4858
1598
9317
5030
2493
8786
3457
2502
2539
6069
847
9526
6543
2711
831
5225
1295
5951
2356
5491
5487
6334
585
5631
5064
2390
9401
8548
4635
1147
7506
5846
9097
3175
876
1590
1961
685
444
852
6755
1292
6731
9650
4003
7562
4875
5298
9865
3584
7142
5353
9918
7727
984
4982
117
6738
3530
1105
4237
7388
6951
3334
6916
4179
4925
8877
4865
5369
6082
7972
6661
2813
3974
7016
375
8850
8667
241
2434
5809
1946
2352
3536
9282
3686
3653
6020
3568
4758
257
957
8061
3592
4225
2241
4869
9454
3458
238
5536
7782
3252
8349
1756
268
5077
606
5287
1670
9392
1096
3616
8096
984
9250
1782
990
5271
5351
2100
1880
2660
162
1824
6885
8755
6693
6339
2213
6932
1876
9995
6536
6577
1751
3156
1654
8710
8444
3324
8102
9540
3292
6199
6877
2543
7981
7867
4166
9684
9967
2398
2344
6481
4223
9229
5236
916
1921
7449
4200
3797
3796
736
374
1900
3893
8381
610
2337
8057
8712
8229
1350
1263
1458
245
5597
9325
763
5281
5645
3161
7626
2126
7384
3207
7363
8301
5128
1164
2501
5277
4961
9590
2004
3213
3483
6737
3823
2172
4794
8887
6753
6144
151
8212
2741
2100
3889
3504
7381
9534
6666
1359
8013
4050
919
5376
8703
2399
2892
7557
7677
4205
7147
6033
7418
6982
2770
1241
5506
7564
6481
2259
61
2984
6823
2802
5084
7065
6307
8817
6599
9325
6529
964
3375
7448
6340
8431
9847
5585
5988
3876
9790
9487
6261
7209
6469
9031
4802
8327
2948
1283
586
3009
4267
3762
2163
5703
827
4822
4521
3778
4147
1050
4743
3875
4850
7435
2306
4697
9372
8294
4926
9163
7781
1187
2724
602
6571
7526
8929
5871
5162
5867
5232
9429
5981
7395
5133
3160
2218
6006
6939
2717
7056
8034
6592
1906
1821
8898
2955
1194
3544
4233
6709
1325
5421
9433
8279
8344
3311
7208
4215
8473
3076
9447
4255
9057
3194
5740
2218
1764
1746
5509
4482
5154
9895
1074
3412
8068
6325
2719
5614
9869
6953
2323
7547
8726
8108
5826
7070
1420
9387
7637
6245
2463
3436
500
7872
6630
2592
6442
8395
4338
8303
2877
5844
4550
303
5608
2619
6628
8328
8233
2850
5281
557
397
4007
8665
6223
7429
6437
5610
1418
2683
4425
4854
3183
8650
7836
2128
1444
6231
2818
6100
5460
8663
650
2116
4271
3269
5096
8951
1503
7946
4232
8412
8343
4591
3429
919
8372
9867
2881
9790
2550
3659
996
2085
8661
8833
4213
105
1416
3384
6205
3229
2047
6856
5345
2670
6477
441
1622
4332
8388
2206
9096
3083
6798
2526
354
1522
8745
9588
1313
7647
3247
8661
6084
8260
7494
6650
8365
5263
34
923
8492
8433
4131
3837
1103
608
630
9077
1293
5370
1284
389
8454
4434
9267
8808
5956
8012
8396
7269
5659
7995
2283
1744
6255
6129
8394
973
1392
4780
8248
9884
3213
2379
73
4316
9339
7056
3394
632
2426
1030
7374
880
5464
6641
6041
1420
1006
789
5042
6665
5137
7325
4761
7744
3454
9507
8717
4847
4287
6965
1083
7500
5696
7509
8169
5036
4565
7915
2020
6991
5297
5746
4224
761
8740
6617
2181
9746
3758
3575
6411
8895
900
7525
2992
707
3384
1709
5554
7672
5027
2989
1524
723
498
6045
2111
1415
312
484
4759
5609
6230
5335
6370
4970
8304
4904
1068
2062
8479
3832
7310
5732
1357
302
6439
4741
8363
8345
8765
3390
1334
6642
466
8185
9039
8929
5952
9352
9413
7063
4961
1996
2398
7684
3318
702
8940
4387
9117
3771
8219
6427
9503
5928
3081
2294
669
1444
639
5787
1187
8326
8781
1653
2863
7820
582
8815
7172
6348
5879
8486
8344
8277
2522
8014
5332
1462
2401
4449
5233
620
7228
1089
2900
309
3383
3570
8105
4023
5709
9292
8701
4490
7297
1564
8662
4232
379
2187
580
2610
673
5276
7240
9547
9642
2572
1009
2044
3373
2594
9016
6953
3683
1917
3614
7067
1839
1719
7442
3900
1012
6143
4742
4661
4059
3404
8893
790
5591
5825
3401
2616
7453
641
2163
7096
9565
9524
5492
9290
2119
860
6243
5802
2777
9857
9221
968
7928
3015
4868
5292
5510
9610
9954
9569
9367
5199
360
4958
7377
3761
3927
1182
754
2442
8278
6671
1967
122
5961
438
983
8556
2592
112
4765
8166
7433
2693
1181
2301
7986
6692
8264
4292
2613
7631
9491
2973
8941
6868
3086
2868
8051
192
5311
2681
6863
3630
9156
9176
420
6491
4084
3012
6603
8849
1178
388
7895
2360
2690
5881
5404
7306
173
8017
4937
6016
7343
3878
2885
429
3099
7288
6974
4762
6321
3837
8392
1829
9366
8812
8320
3450
8176
1276
8652
9355
1664
6547
8067
706
2428
9823
8012
8953
7840
2949
4969
1535
3180
4206
1965
6279
7846
8939
7393
520
9128
5785
2349
8494
949
7022
8297
9125
8298
6949
4832
9962
3496
9251
669
2276
9074
5033
7581
3267
4335
8902
4802
7515
3109
3119
146
7307
8410
7539
7827
3891
9676
6529
8737
6977
3551
7034
2454
1849
335
7287
8163
183
2890
5184
8811
1965
218
6392
1584
905
1647
2738
8420
4756
5858
4918
8415
620
8809
6243
4511
4837
2772
9601
1814
6323
2987
4268
4524
3323
7907
9039
9858
798
4224
5022
9115
794
1414
699
1699
3061
3437
6471
4169
5647
7741
2585
6268
6550
5180
7131
7739
4304
3084
5905
6979
6072
173
1503
5747
4433
542
5605
1583
1118
627
698
1912
8394
7749
3611
7807
1186
6434
8329
3186
4175
7266
9454
725
2446
2937
4816
6750
6022
721
3729
8446
895
1584
4193
1680
8478
6150
3263
9597
3130
3961
1509
7876
1710
1473
2035
9248
7907
6716
2434
2083
3982
8240
9160
2780
7530
3977
5882
9904
4698
9611
8350
1945
7547
8895
9977
6026
1397
3240
1975
4527
3553
3484
2403
1615
1309
791
7216
5569
7507
6002
4004
1490
4243
9516
4270
8125
3493
153
8029
4544
6116
2731
2841
16
1626
2819
6042
3023
2411
8017
3903
5965
7853
2658
3932
5515
3449
1148
7436
7309
7151
1440
8799
7746
956
9421
5871
802
5926
252
5346
8395
2983
8187
4763
961
7358
805
336
9770
5174
591
2087
9379
3250
6019
1246
3051
3520
8682
360
7023
122
5511
4769
7431
1285
6992
8233
3563
7244
9931
1958
6579
4470
6721
3892
1829
3878
4228
7951
5404
4820
38
1136
4422
2409
2382
7473
5929
1065
4186
9304
7539
9697
425
1322
982
7417
5907
4546
1013
5838
2856
7592
6661
5930
1484
4842
6160
2065
2793
1565
3237
9183
2701
7659
1592
1435
1484
3874
8852
5670
3178
2744
1720
3604
4066
9054
7373
9974
3600
8387
2164
2809
2331
8825
8739
168
19
1251
2233
2812
2816
1822
8347
1869
9481
9940
3305
7317
166
2157
9340
9696
4901
1060
9652
5320
114
7026
5294
67
1765
3810
9228
448
8988
4319
616
9007
5570
9201
1820
8387
7375
6519
6608
3208
6459
9913
526
2977
8423
9866
2674
9676
7278
2326
4996
7392
5704
6642
3811
3821
6805
3039
622
5793
7358
7590
4800
2929
3144
2972
7668
519
9492
4276
3728
2303
542
4254
5281
5317
472
4307
4993
7750
2985
6342
1494
5042
9336
5306
5215
6141
4697
5837
1934
8408
3428
3087
1337
6572
2411
5357
7091
1903
5985
7171
559
2879
7777
2192
8196
8249
6499
9542
2351
5836
2236
198
878
1572
1856
6094
4066
6553
8283
2352
4961
1711
5439
2650
4635
7851
4359
8079
6106
345
5250
6665
3224
3028
8857
7773
7629
1708
7315
9981
7545
9551
179
4775
7475
2035
7221
1541
4940
5505
3894
6254
3568
5685
8904
4556
3536
9616
2635
5995
9961
7885
2660
9537
7265
7870
7310
4895
5930
977
4876
9827
6880
1407
4603
4356
9794
8176
5897
4734
33
9791
988
9954
5477
6245
4510
5365
5861
7145
1360
2174
1382
373
8063
8648
4595
